15
NULL 0 NULL 0
Joined 0 0,255,0,255,0,0,0,0,0,0 NULL 0 0 0 	# Joined [4a 6f 69 6e 65 64 ]
|Broken|0|1 0 0,255,0,255,0,0,0,0,0,0 NULL 0 0 0 	# Broken
1 8 0,255,0,255,0,0,0,0,0,0 NULL 3 0 0 	# 1 [31 ]0
+ 10 0,255,0,255,0,0,0,0,0,0 NULL 4 0 0 	# + [2b ]p
五 1 0,255,0,255,0,0,0,0,0,0 NULL 5 0 0 	# 五 [4e94 ]x
= 10 0,255,0,255,0,0,0,0,0,0 NULL 6 0 0 	# = [3d ]p
九 1 0,255,0,255,0,0,0,0,0,0 NULL 7 0 0 	# 九 [4e5d ]x
减 1 0,255,0,255,0,0,0,0,0,0 NULL 8 0 0 	# 减 [51cf ]x
5 8 0,255,0,255,0,0,0,0,0,0 NULL 9 0 0 	# 5 [35 ]0
9 8 0,255,0,255,0,0,0,0,0,0 NULL 10 0 0 	# 9 [39 ]0
乘 1 0,255,0,255,0,0,0,0,0,0 NULL 11 0 0 	# 乘 [4e58 ]x
以 1 0,255,0,255,0,0,0,0,0,0 NULL 12 0 0 	# 以 [4ee5 ]x
一 1 0,255,0,255,0,0,0,0,0,0 NULL 13 0 0 	# 一 [4e00 ]x
7 8 0,255,0,255,0,0,0,0,0,0 NULL 14 0 0 	# 7 [37 ]0
